-82.230 -7.446 77.831 -92.182 -60.579 72.453 97.740 -54.247 50.075 -62.699 14.695 12.914 -54.628 -6.553 48.957 63.279 -73.772 -11.606 -41.796 -1.609
-40.684 -42.320 -54.571 94.970 -74.895 59.506 54.789 -70.708 -28.393 34.567 98.155 -21.529 27.174 31.120
-13.310 -92.220 34.479 65.278 -39.735 12.793 -7.291 46.811 -80.529 -68.464
79.119 -76.161 52.514 -40.467 93.006 87.174 -25.329 41.339 68.074 54.746 -51.156 -80.337 81.541
72.779 -64.052 -20.327 -43.743 72.630 53.460 -66.404 17.098 31.460 30.240 -33.718 80.740 64.352 -51.964 -36.045
49.273 100.913 94.762 -28.143 -15.512 41.483 86.158 58.302 59.718 64.439 -71.457 92.978 4.624 100.092
-80.399 84.189 87.442 -77.022 -99.141 -72.863 -55.164 -43.544 -98.010 -96.807 -35.804 -6.646 -28.355 6.014 66.476 -70.682 87.664 57.664 -16.674
70.245 -43.379 -86.240 54.386 -43.084 -46.311 -48.125 75.620 30.491 -11.929 43.909 43.893 39.018 -91.418
65.333 -80.986 -50.523 99.749 54.469 -44.799 -1.638 4.873 20.921 -20.859 64.885 -36.984
-91.848 -17.513 60.044 50.778 46.307 -73.021 -99.973 -81.463 -27.327 -73.847 -93.759 -45.120 85.598 -83.835 -86.573
-41.404 95.551 67.661 -81.850 -93.980 -31.511 -87.628 -24.615 -18.284 -45.438 -94.856
18.329 -66.793 -97.027 -59.194 56.324 31.020 -96.429 -68.624 -42.412 51.114 61.327 29.389 13.303
-84.209 -67.824 20.847 96.409 -59.359 68.248 -90.067 -82.896 64.426 48.615 -41.336 86.220
-26.268 -25.517 -43.732 12.950 -79.669 -84.900 -14.286 -51.627 76.516 -36.654 -68.912
-25.387 -9.298 -0.111 84.144 90.257 45.479 -88.822 -22.499 23.099 77.752 47.424 6.710 -79.347 62.880
-17.560 94.485 47.380 33.153 63.865 -50.613 99.485 100.521 86.015 1.250 -2.270 -38.521 58.768 -82.581 -22.070 -61.151 -93.440 96.899
88.920 -81.093 99.451 51.130 -45.380 -97.013 -8.305 64.313 47.913 15.550 -49.387 14.542 -81.644
65.376 -18.960 76.683 94.133 -64.240 -15.095 -49.957 10.607 -75.274 14.517
25.334 78.885 95.740 50.661 91.965 82.295 -72.077 71.248 -77.493 73.384 51.772 -95.493 64.519 -42.916 98.641 79.774 97.454
35.936 -34.393 51.843 45.950 73.517 35.217 44.500 95.259 -13.924 54.853 -68.070 85.097 33.072 14.207 1.164
