11 14 7 19 18 3 2 1 0 16 23 9 22 6 21 12 20 4 13 8 10 17 5 54 15 79 86 77 54 15 79 86 77 54 15 79 86 77 54 15 79 86 77
54 15 79 86 77 54 15 79 86 77
13 0 1 11 10 18 4 14 7 8 5 16 3 12 17 15 9 6 73 70 64 38 57 2 26 73 70 64 38 57 2 26 73 70 64 38 57 2 26 73 70 64 38 57 2 26
73 70 64 38 57 2 26 73 70 64 38 57 2 26
16 9 4 5 8 17 21 6 7 19 1 15 0 2 18 3 12 13 20 11 22 10 14 67 93 91 77 67 93 91 77 67 93 91 77 67 93 91 77
67 93 91 77 67 93 91 77
22 8 1 6 29 44 19 15 39 10 13 0 2 37 16 36 24 45 3 46 4 20 32 47 43 18 35 21 12 40 11 17 23 41 14 7 30 27 26 38 25 31 33 9 5 34 28 42 72 58 72 58 72 58 72 58
72 58 72 58
4 6 9 7 5 1 8 2 3 0 39 40 85 39 40 85 39 40 85 39 40 85
39 40 85 39 40 85
4 56 56 56 56 56 56 56 56 56 56
56
2 6 5 3 1 7 4 0 8 9 58 85 76 49 82 9 58 85 76 49 82 9 58 85 76 49 82 9 58 85 76 49 82
9 58 85 76 49 82 9 58 85 76 49 82
8 5 2 7 0 11 13 9 12 10 3 1 6 91 30 45 4 48 84 90 92 58 91 30 45 4 48 84 90 92 58 91 30 45 4 48 84 90 92 58 91 30 45 4 48 84 90 92 58
91 30 45 4 48 84 90 92 58 91 30 45 4 48 84 90 92 58
32 35 41 1 23 22 15 8 17 46 6 29 34 47 44 10 3 24 11 48 21 30 42 31 2 20 26 33 13 39 28 37 7 18 38 12 19 40 36 16 27 5 45 25 14 43 0 95 4 9 60 93 95 4 9 60 93 95 4 9 60 93 95 4 9 60 93
95 4 9 60 93 95 4 9 60 93
28 2 39 27 20 12 21 14 37 22 26 41 30 8 6 38 5 43 7 42 32 0 13 19 34 16 1 18 11 3 36 25 40 4 15 33 23 29 31 35 9 85 17 92 59 10 44 24 85 17 92 59 10 44 24 85 17 92 59 10 44 24 85 17 92 59 10 44 24
85 17 92 59 10 44 24 85 17 92 59 10 44 24
8 5 0 2 1 7 13 10 9 11 12 6 56 4 87 74 50 3 38 6 56 4 87 74 50 3 38 6 56 4 87 74 50 3 38 6 56 4 87 74 50 3 38
6 56 4 87 74 50 3 38 6 56 4 87 74 50 3 38
4 7 8 6 10 5 0 9 2 1 3 47 55 79 33 52 95 35 47 55 79 33 52 95 35 47 55 79 33 52 95 35 47 55 79 33 52 95 35
47 55 79 33 52 95 35 47 55 79 33 52 95 35
12 25 22 7 15 19 21 16 11 9 17 13 5 4 18 23 8 20 14 26 6 3 2 0 1 24 10 71 28 61 71 28 61 71 28 61 71 28 61
71 28 61 71 28 61
1 2 3 1 2 3 1 2 3 1 2 3 1 2 3 1 2 3 1 2 3
1 2 3 1 2 3 1 2 3
23 12 9 13 21 22 19 7 17 5 3 14 31 16 30 10 20 2 28 27 4 26 24 25 0 1 11 32 15 29 8 6 18 43 59 56 43 59 56 43 59 56 43 59 56
43 59 56 43 59 56
0 3 2 1 2 1 2 1
2 1
5 6 1 0 8 10 7 15 2 4 11 13 9 12 3 14 96 57 94 79 56 49 93 67 30 96 57 94 79 56 49 93 67 30 96 57 94 79 56 49 93 67 30 96 57 94 79 56 49 93 67 30
96 57 94 79 56 49 93 67 30 96 57 94 79 56 49 93 67 30
3 13 5 10 4 2 11 0 6 9 1 8 14 7 12 51 51 51 51
51
19 14 6 2 3 12 1 5 0 10 4 17 9 7 15 13 8 16 18 11 74 33 72 74 33 72 74 33 72 74 33 72
74 33 72 74 33 72
5 0 1 6 12 9 10 8 7 11 3 13 4 2 67 4 2 67 4 2 67 4 2 67
4 2 67 4 2 67
